0.40249
1.1917
0.43702
0.43615
-1.0121
0.61973
0.45618
1.8507
-2.5322
-0.023773
2.2834
0.46008
1.6806
1.1507
-0.30584
-0.86038
-1.0372
0.15656
-0.30479
-0.45118
-0.023836
-1.6178
0.38039
0.81275
0.24053
-0.29243
-0.20333
-0.041887
-0.53846
-0.21201
1.7465
-0.85258
0.80401
0.94002
0.76523
1.0044
-0.2298
0.49002
-1.1719
0.20605
1.6561
-1.7153
1.158
-2.7783
-0.66915
2.1315
0.5103
0.81413
-0.64628
-0.96563
-0.72961
-0.6537
-1.2682
0.99733
0.44648
-0.93014
0.19931
-0.13157
-1.1157
0.95938
0.64793
-0.77608
-0.25695
-1.5351
0.40813
0.25618
0.49267
-2.017
0.49971
-0.2706
-0.27754
-1.3461
0.77398
-0.92179
-2.4416
1.157
-0.13458
-0.57182
0.37149
-1.3829
0.11075
-1.6445
-0.37181
-0.22453
3.736
0.26265
1.1978
0.63264
0.72783
2.7932
-1.9533
0.11823
-0.3763
0.061601
-0.53894
0.604
-0.44403
0.56419
0.15183
-0.61895
0.19081
0.33036
-0.29614
-1.716
0.96576
0.42562
-0.059276
0.80328
0.51105
-0.92676
-0.096776
-0.80889
0.45784
0.012481
-0.11144
-1.5531
1.2521
2.1201
-0.83099
-0.060573
-1.3807
0.84322
0.31609
-0.85832
0.90728
2.2156
-0.16428
-0.058204
-1.1704
0.8238
1.0581
0.48259
0.042424
-0.62567
1.9665
-0.47138
1.9453
0.29797
0.40371
-0.51511
1.5946
-0.44162
1.9692
-0.28303
-0.0041915
1.0966
-0.83178
-0.233
1.6898
0.72537
-1.1087
-1.4948
1.0033
2.2287
0.13271
-0.036902
0.66626
0.28252
2.1282
0.45247
-0.19877
1.3336
0.054201
0.014878
1.1336
0.05892
-1.5887
0.99406
0.53581
0.32789
-0.041247
-0.8048
0.058553
2.1462
1.0693
-0.57003
1.856
-0.0076414
-0.17934
0.76331
0.95322
-0.50202
-0.5261
-1.0908
1.4131
0.15611
0.4519
0.89168
1.1009
-1.586
0.28719
-0.07902
0.068449
-0.47275
0.99831
0.11422
1.2847
1.0982
1.1182
-1.0619
0.19015
-0.25578
-2.241
-0.30367
0.35072
-0.44222
0.25261
1.0099
-1.6427
0.31384
0.48848
-1.6658
-1.5049
0.25294
-0.81844
-1.0343
1.6704
-0.70592
-0.37351
-1.3723
0.8186
0.89172
1.3758
0.79057
0.063531
-0.12047
0.46114
0.20019
0.015657
1.6088
-0.07765
-0.14241
-1.0514
0.24456
0.42213
1.456
-1.1716
0.59086
1.0776
2.0134
0.51344
-0.076889
-0.77737
0.1292
2.0667
-0.13849
-0.30649
1.2401
0.062134
0.93915
-0.66342
-1.0347
1.1368
-0.2808
0.59377
-2.0799
-0.77826
0.15401
1.2701
-0.67855
1.2022
0.4994
0.89938
0.19552
-1.3258
1.3237
-1.4665
0.070645
0.74358
-1.7465
-0.86236
0.1774
1.5845
-0.093871
0.31213
-0.17964
1.4342
-0.15713
0.95755
0.088806
0.062076
-0.22979
-0.35412
-0.41877
0.22238
-0.77042
0.80281
-0.73946
0.20145
-0.61502
0.65469
-1.0292
-0.070386
-0.112
-0.074607
2.6047
0.15065
-0.32112
-0.72185
0.58028
-2.7082
-0.30842
-0.0374
0.30564
-0.25591
-1.3731
0.11385
0.94267
-0.011897
-1.5566
0.54759
1.3807
-0.28608
0.47912
0.42013
-0.55935
-0.11263
0.24397
-1.947
0.25109
-0.95039
-0.09295
-0.081249
0.85078
0.20336
1.3219
-2.5285
0.73219
0.42062
-1.188
-0.83216
2.8896
-0.71983
0.72014
0.25625
1.4154
-1.1323
-0.48299
0.41223
-1.3579
0.14355
-0.57603
1.1919
-0.4687
0.92474
-1.1928
0.79528
1.7831
-1.2642
0.30574
1.3811
2.3088
0.32524
1.1367
0.48598
0.5556
-0.54723
1.484
-0.6863
-0.6453
0.72399
-1.2385
0.59723
-0.48171
0.7504
-0.81786
-0.64568
0.41266
-0.47587
1.6938
-0.74136
-0.60984
0.38506
1.1776
-1.2042
0.017592
0.049572
1.6613
-0.80964
-1.1482
-1.6012
0.069448
-1.3542
0.68811
-0.53837
-0.13215
-0.40002
-1.3763
0.62251
-0.24267
-0.54588
0.056825
1.0206
0.10402
-1.0714
0.22642
0.2307
0.44493
0.017413
-0.89389
0.26485
-0.25397
0.24174
-1.2092
-1.0286
0.50079
-1.049
-0.10875
0.67631
0.6904
-0.0073444
-0.31833
0.56558
0.1553
0.0083192
-0.32994
-0.57968
0.42199
1.4081
1.2748
-1.1026
-1.203
0.5309
-0.38104
-2.0954
-0.38359
-0.17434
0.43493
0.18353
-0.032037
0.061277
0.72306
0.10489
0.70239
0.50483
1.1475
-0.34809
-0.24323
0.62276
-0.12461
-0.73323
-0.73347
1.5239
0.20834
0.31132
-0.034041
-1.9897
2.3306
-0.47307
-0.65596
-0.63507
-0.22636
2.5138
0.29872
0.6577
0.23704
0.18462
-0.16931
-1.9135
-1.8412
-1.4486
0.40473
-0.054028
0.041884
-0.25729
-1.1023
-0.57094
1.1949
-0.1815
0.2399
-0.34605
1.2503
1.0677
-1.9812
-2.5455
-0.12021
0.13334
-0.77343
-1.6276
-1.8866
-0.080734
0.062024
-0.50404
1.3303
1.3273
0.2357
-0.79698
-0.69935
2.0279
-1.4426
0.18041
-1.0647
0.14018
-0.50765
-0.72052
-0.12772
2.1525
0.028866
0.0098165
0.77089
-0.67107
-0.75773
-0.28771
0.36873
0.44852
1.0765
0.26994
0.26878
-1.7808
-1.1522
-0.44325
0.83227
-0.73245
0.33338
-1.1048
-1.5319
-0.28728
1.0471
1.4057
-0.20015
-1.1596
2.4985
-0.37795
-0.42523
0.73835
-0.84966
-2.6633
1.4337
0.2936
-0.49118
-0.60731
-0.33564
0.99102
0.5001
0.37631
0.98004
-0.080833
0.87931
-0.70359
-1.1105
0.19748
-1.9644
0.15798
0.45241
-0.2099
1.022
0.43701
1.3163
-1.0685
-0.57236
-1.1515
-0.001645
1.6642
-1.346
0.69342
-0.72292
0.54952
0.62638
1.4096
0.4654
0.84879
-1.5279
-0.8191
1.3809
2.0368
0.76501
0.36516
-0.17631
-0.85946
0.15544
1.7865
-0.017909
-1.1781
1.9073
0.60894
1.2955
0.80505
0.74957
-1.5548
0.2399
0.45087
0.57755
-2.674
0.4369
0.22933
0.46283
1.3836
0.10899
-0.13667
-0.56617
-2.0418
-0.301
-0.44102
-0.13269
-1.1171
-0.77601
-1.0267
-0.32484
-0.52806
-1.2107
-1.1944
1.8453
0.81778
-2.2798
1.3343
-0.55691
-0.18836
1.505
-1.0941
-1.522
1.1885
1.7
-0.62077
0.88396
-0.96268
0.20139
-0.52664
0.41597
0.12278
0.084217
-0.40503
-0.66592
1.111
0.96096
0.35114
0.99359
0.83484
0.90084
-0.66616
-0.80377
-2.396
1.1898
0.29477
1.6668
-0.2617
1.8158
0.26098
-0.25827
-1.1901
-0.68184
-0.46665
-0.49549
0.6701
0.047973
1.0852
-2.0661
-0.63694
0.65152
0.89461
1.5389
1.5639
-2.1556
-0.080456
0.91392
1.1903
0.98711
-1.108
-0.059327
-0.20606
-0.043887
-1.2571
0.63422
0.40653
0.178
-0.88989
-0.097384
-1.3069
0.20417
1.2762
-0.59445
0.47152
-1.0801
-2.3044
0.41551
-1.1831
1.459
0.50192
-1.5944
-0.52672
2.6076
-0.075931
0.70856
1.0757
0.69198
1.0114
0.52546
-1.0131
2.4681
0.065402
0.33989
1.241
0.40283
0.59985
0.55518
-0.89855
1.1548
-0.14891
-0.83894
0.79261
-0.71979
0.40229
0.39683
0.4684
-0.45897
1.636
-0.78669
-0.64159
0.40619
1.0007
0.1949
-0.0042811
-0.701
2.0143
0.036007
1.5522
-0.33002
-1.2795
0.41742
-0.12793
0.78223
0.045468
0.63664
1.1098
-1.1721
-1.6749
0.32868
-0.44355
-2.0603
-0.66959
-0.69317
0.74326
-1.2671
-0.6779
1.6175
-0.2785
0.57428
-0.014374
-1.1023
-0.014915
-0.22485
-0.13112
-0.80387
-0.030984
-2.4847
-0.13102
0.43253
0.51288
-0.064669
-0.87719
-1.0596
0.56093
1.0504
0.096621
-0.94704
0.28962
0.96652
0.48888
-1.0516
0.40189
-1.6934
0.83374
0.08386
0.45258
0.99721
-1.8423
-0.17824
-0.48006
0.076273
1.3764
0.4545
-1.4652
-0.75777
-0.54104
0.37538
-1.2543
-0.74256
2.2153
0.63746
0.42628
-1.1862
0.49904
-1.7057
-1.1857
0.25286
-2.7179
-1.3276
0.22559
0.23227
0.045519
-0.25333
0.021709
-0.53919
-0.13667
0.015569
-1.3818
0.9907
-0.2443
-1.3669
0.86243
-1.4223
-0.59393
-1.5979
-0.75694
-1.2886
0.34301
-0.0044194
-0.21555
0.018593
0.85268
-0.1437
0.39511
-0.74043
-0.33816
1.2988
0.27771
0.24228
0.19347
-1.6133
-1.9501
-0.75606
-1.6842
-0.96115
0.19705
-0.44625
1.1645
1.2101
-0.50985
0.0634
-0.60553
-0.47569
-1.2653
1.7882
-0.74197
0.26389
0.62843
-2.2527
0.17189
-0.51223
-0.89196
-0.84163
0.76008
-0.22506
0.49218
-0.31057
-0.55413
-0.33127
-0.2236
-0.35443
-0.96334
0.84751
-1.0402
2.9929
-0.88185
-0.90093
-1.1228
0.096051
-0.24817
1.3599
-0.80422
-1.4576
-0.88563
-1.6393
-0.60771
0.091737
-0.68844
-0.77938
-0.2421
0.081026
-1.5188
-0.14948
1.2386
-0.13944
-1.2269
1.2068
0.29984
-0.24361
0.54697
-0.21583
1.1049
0.24522
-1.6301
-0.56139
0.22103
1.861
0.33395
-0.44567
-2.0286
0.57419
-0.95397
-0.2126
0.84965
-1.2138
-0.63985
0.21064
-0.4972
-0.96288
-0.055865
-0.13403
0.20576
-0.043982
-0.7865
0.018445
-1.3552
-0.40227
1.1034
-0.033511
0.80129
1.4676
-0.57929
0.13412
0.68476
-1.1069
-0.74973
0.0054227
0.28832
-0.91282
0.093267
-0.87968
-0.98395
0.44902
-1.4659
1.2816
-0.38447
0.35879
-0.095244
-0.41033
-0.62046
1.1668
1.0544
-0.10122
0.58326
0.45451
1.8346
0.80303
0.27876
0.98396
0.01815
-0.22103
1.4466
0.48717
-0.54933
-0.38125
-1.9201
1.781
-1.2531
1.3648
0.50485
-1.8794
-1.3729
0.19639
-0.45604
-1.2217
-0.015644
0.16451
0.051174
0.61033
-0.77976
0.52374
0.49743
-0.91574
1.098
-0.87323
0.57922
-1.5871
-0.3937
2.4534
-0.70763
1.2034
0.48441
-0.61109
0.12582
-0.0044282
-1.3621
-0.81472
-0.71047
0.037554
-0.25455
-0.67702
-0.99683
0.084179
0.14677
0.95235
-0.39733
-1.0164
0.38267
-0.99438
0.35625
0.010571
1.4437
-1.3118
0.86583
-0.36109
1.4204
0.29846
1.2948
-1.264
0.26182
-0.5973
-0.10995
-2.0722
