0
0
0
0
0
0
0
1.6012
0
0
0
0
0
0
0
0
0
0
0
0
0
0
0
0
0
0
0
0
-0.37105
0
0
0
0
0
0
0
0
0
0
0
0
0
-0.74629
0
0
0
0
0
0
0
0
0
0
0
0
0
0
-0.42351
0
0
0
0
0
0.15434
0
0
0
0
0
0
0
0
0
0
0
0.68007
0
0
0
0
0
0
0.12438
0
0
0
0
0
0
0
1.8114
0
0
0
-0.95569
0
0
0
0
0
0.89067
0
0
0
-1.2768
0
0
0
0
0
0
0
0
0
0
0
0
0
0
0
0
0.6259
0
0
0
0
0
0
0
0
0
0
0
0
0
0
0
0
0
0
0
-0.035434
0
0
0
0
0
0
0
0
0
0
0
0
0
0
0
0
0
0
0
0
0
0
0
0
0
0
0
0
0
0
0
0
0
-0.55342
0
0
0
0
0
0
0
0
0
0
0
0
0
0
0
0
0
0
0
0
0
-1.4552
0
-0.50229
0
0
0
0
0
0
0
0
0
-0.27021
0
0
-0.0098033
0
0
0
0
0
0
0
0
0
0
0
-0.54406
0
0
0
-0.51719
0
0
0
0
0.13289
0
0
0
0
0
0
0
-0.39971
0
0
0
0
-0.42124
0
0
0
0
0
0
0
0
0
-0.12991
0
0
0.29775
0
0
0
0
0
0
0
0
0
0
0
0
0
0
0
0
0
0
0
0
0
0
0
0
0
0
0
0
0
1.0703
0
0
0
0
0
0
0
0
0
0
0
0
0
0
0
0
0
0
0
-1.7245
0
0
0
-1.2256
0
0
0
0
0
0
0
0.14057
0
0
0
0
0
0
0
0
0
0
0
0
0
0
0
0
0
0
-1.5834
0
0
0
0
0
0
0
0
0
0
0
0
0
0
0
0
0
0
0
0
0
0
0
0
0
0
0
0
0
0
0
0
0
0
0
0
0
0
0
0
0
0
0
0
0.7246
0
0
0
0
0
0
0
0
0
0
0
0
0
0
0
0
-0.8236
0
1.6497
0
-1.6887
0
0
0.034426
0
0
0
0
0
0
-0.30194
0
0
0
0
0
0
0
0.98715
0
0
1.8577
0
0
0
0
0
0
0
-1.2336
0
0
0
0
0
0
0
0
0
0
0
0.10399
0
0
0
-0.94233
0
0
0
0
0
0
0
0
0
0
0
0
0
0
0
0
0
0
0
0
0
0
0
0
0
0
0
0
0
0
0
0
0
0
0
0.32849
0
0
0
0
0
0
0
0
0
0
0
0
-0.011102
-2.3418
-0.069557
0.61497
-0.082528
0
0
0
0
0
0
0
-1.0645
0
0
0
0
0
0
-1.2238
0
0
0
0
0
0
0
0
0
0
0
0
0
0
0
0
0
0.68906
0
0
0
0
0
0.1631
0
0
0
-1.5222
0.82555
0
0
0
0
0
0
0
0
0
0
0
0
0
0
0
0
0
-1.331
0
0
0
0
0
0
0
0
0
-0.06868
0
0
0
0
0
0
0
0
0
0
0
0
0
0
0
0
0
0.6892
0
0
0
0
0
0
0
0
0
0
0
-1.17
0
0
0
0
-0.9739
0
0
0
0
0
0.7307
0
0
0
0
0
0
0
-1.1897
0
-1.8311
0
0
0
0
0
0
0
0
0
0
0
-1.0046
0
0
1.5923
0
0
0
0
0
0
0
0
0
0
0
0
-0.14702
0
0
0
0
0
0
0
0
0
0
0
0
0.0073737
0
0
0
0
0
0
0
0
0
0
-0.88379
0
-0.13688
0
0
0
0
0
0
0
0
0
0
0
0
-0.81661
0
0
0
0
0
0
0
0
0
0
0
0
0
0
0
0
0
0
0
0
0
0
0
0
0
0
0
0
0
0
0
0
0
0.23786
0
0
0
0
0
0
0.75225
0
0
0
0
0
0
0
0.45011
0
0
0
0
0
0
0
1.1062
0
0
0
0
0
0
0
0
0
0
0
1.6711
0
0
0
0
0
0
0
0
0
0
-0.7396
0
0
0
0
0
0
0
0
-0.37146
0
0
0
-0.17492
0
0
0
0
0
0
0
0
0
0
0
0
0.31913
0
-1.1816
-2.5281
0
0
0
0
0
0
0
0
0
0
0
0
0
0
0
0
0
0
0
0
0
0
0
0
0
0
0
0
0
0
-0.26258
0.21925
0
0
0
0
0
0
0
0
0
1.5593
0
0
0
0
0
0
0
2.3505
0
-0.48707
0
-0.33245
0
0
0
0
0
0
0
0
0
0
0
0
0
0
0
0
0
0
0
1.345
-0.61925
0
0.74476
0
0
0
0
0
0
0
0
0
0
0
-0.51695
0
0
0
0
0
0
0
0
0
0
0
0
0
0
0
0
0
-0.37419
0
0
0
0
0.28649
-1.3149
0
0
0
0
0
0
0
0
-1.027
0
0
0
0
0
0
0
0
0
0
0
0
0
0
0
0
1.4328
0
0
0
0
0
0
0
0
0
0
0
0
0
0
0
0
-0.389
0
0
0
0
0
0
0
0
0
0
0.70398
0
0
0
0
0
0
0
0
0
0
0
0
-0.5187
-1.0109
0
0
-0.75189
0
0
0
0
0
0
0
0
0
0
0
1.1326
